2 99

15 5
15 6

0 0
0 19
0 20
0 29
1 0
1 7
1 15
1 25
1 28
2 3
2 5
2 6
2 11
2 13
2 14
2 15
2 19
2 22
2 26
2 28
3 4
3 21
3 22
3 24
3 25
3 27
4 3
4 6
4 7
4 10
4 20
4 21
4 25
4 26
4 27
4 29
5 1
5 8
5 9
5 15
5 17
5 23
6 0
6 6
6 10
6 17
6 23
7 0
7 18
7 20
7 27
8 6
8 7
8 16
8 18
8 27
8 29
9 0
9 3
9 5
9 19
9 20
9 25
9 28
9 29
10 3
10 4
10 6
10 21
10 24
11 0
11 3
11 5
11 8
11 19
11 26
12 3
12 22
12 23
13 1
13 3
13 7
13 16
13 22
13 25
13 26
13 29
14 0
14 5
14 6
14 16
14 17
14 22
14 24
14 29
15 7
15 16
15 23
15 26
